# Created by Octave 4.2.1, Sun May 21 10:11:54 2017 GMT <unknown@unknown>
# name: N
# type: scalar
101


# name: T
# type: scalar
2


# name: a
# type: scalar
3.5


# name: b
# type: scalar
0


# name: c
# type: scalar
0.8


# name: d
# type: scalar
0


# name: dt
# type: scalar
0.02


# name: mx
# type: matrix
# rows: 1
# columns: 101
 1.9 2.037765544383011 2.185520217828732 2.343988313917812 2.51394664344113 2.696228342327189 2.891726955675404 3.10140081791522 3.326277750562592 3.567460100602252 3.826130144193905 4.103555882191339 4.401097255884075 4.720212813431152 5.062466859665893 5.429537124320011 5.823222986256704 6.245454294027925 6.698300825994227 7.183982436380684 7.704879937004883 8.263546768019209 8.862721514877439 9.505341332883816 10.19455634513175 10.93374508441089 11.72653105477875 12.57680049398185 13.4887214237976 14.46676408168195 15.51572283387854 16.64073967740759 17.84732944614129 19.14140684452581 20.5293154414694 22.01785876652444 23.61433366079734 25.32656604607198 27.16294928748744 29.13248533782368 31.2448288650844 33.51033457969091 35.94010799328459 38.54605985795778 41.34096455277445 44.33852270379117 47.55342834454185 51.00144094620729 54.6994626705611 58.66562122438638 62.91935872151542 67.48152698809412 72.37448977825817 77.62223240128154 83.25047929759056 89.28682014000067 95.76084507832445 102.7042897903205 110.1511910500227 118.1380535760456 126.7040289777578 135.8911076765166 145.7443247427618 156.3119806579832 167.6458780837379 179.8015757983559 192.8386610461367 206.8210416340904 221.817259208081 237.9008252440539 255.1505814013775 273.6510860047474 293.4930285491928 314.7736742600865 337.5973408873926 362.0759100713973 388.3293757866393 416.4864325525139 446.6851062939537 479.0734309446743 513.8101741096903 551.0656153442964 591.0223808646466 633.8763387816791 679.8375592468204 729.1313442161126 781.9993318806652 838.7006811773449 899.5133421861862 964.7354186420083 1034.686629239266 1109.709874893461 1190.17291964183 1276.47019342308 1369.024725573405 1468.290218516785 1574.753271814794 1688.935767478212 1811.39742823325 1942.738561283008 2083.603001014071


# name: n_iter
# type: scalar
1000


# name: t
# type: range
# base, limit, increment
0 2 0.02


# name: x
# type: function handle
@<anonymous>
@(w) (x0 * exp ((a - c ^ 2 / 2) * t + c * w))
# length: 4
# name: a
# type: scalar
3.5


# name: c
# type: scalar
0.8


# name: t
# type: range
# base, limit, increment
0 2 0.02


# name: x0
# type: scalar
1.9




# name: x0
# type: scalar
1.9


