# Created by Octave 4.2.1, Sun May 21 21:49:28 2017 GMT <unknown@unknown>
# name: N
# type: scalar
101


# name: T
# type: scalar
1


# name: a
# type: scalar
-1


# name: ans
# type: matrix
# rows: 1
# columns: 101
 2 1.938078814425642 1.878074745462752 1.819928438044595 1.76358237477249 1.708980819020514 1.65606975980172 1.604796858341338 1.555111396304088 1.506964225624417 1.460307719890013 1.415095727230525 1.371283524664864 1.328827773861948 1.287686478271115 1.247818941579807 1.209185727457426 1.171748620545548 1.135470588655899 1.100315746138705 1.066249318385184 1.033237607429054 1.001247958613044 0.9702487282874314 0.9402092525086461 0.9110998167069881 0.88289162629345 0.8555567781765684 0.8290682331611331 0.8033997892014455 0.7785260554826744 0.7544224273046667 0.7310650617433718 0.7084308540658016 0.6864974148751971 0.6652430479637953 0.6446467288512866 0.6246880839877351 0.6053473706003879 0.5866054571644399 0.5684438044784349 0.5508444473255835 0.5337899767028575 0.5172635226002827 0.5012487373133937 0.4857297792723462 0.4706912973716889 0.4561184157852951 0.4419967192514335 0.428312238813421 0.4150514380017537 0.4022011994440485 0.3897488118895464 0.3776819576353475 0.365988700341935 0.3546574732259395 0.3436770676184615 0.3330366218776346 0.3227256106444635 0.3127338344313067 0.303051409532706 0.2936687582485834 0.2845765994101325 0.2757659391990354 0.2672280622509201 0.2589545230342625 0.2509371374962006 0.2431679749670004 0.2356393503151643 0.2283438163454211 0.2212741564320802 0.2144233773804601 0.2077847025093321 0.2013515649475356 0.1951176011381338 0.1890766445436849 0.1832227195464017 0.177550035537166 0.1720529811875508 0.1667261188991828 0.1615641794249586 0.1565620566567877 0.1517148025747137 0.1470176223524108 0.1424658696142186 0.1380550418390214 0.1337807759064266 0.1296388437808349 0.1256251483291358 0.1217357192678885 0.1179667092359811 0.1143143899888823 0.1107751487107218 0.10734548444055 0.1040220046092436 0.1008014216836309 0.09768054991451525 0.0946563021853843 0.09172568695868248 0.08888580531663048 0.0861338480936618


# name: b
# type: scalar
0


# name: c
# type: scalar
-1.3


# name: d
# type: scalar
0


# name: dt
# type: scalar
0.01


# name: mx
# type: matrix
# rows: 1
# columns: 101
 2 1.980099667498336 1.960397346613511 1.940891067097016 1.921578878304646 1.902458849001428 1.883529067168497 1.864787639811897 1.846232692773272 1.827862370542456 1.809674836071919 1.791668270593056 1.773840873434315 1.756190861841123 1.738716470797612 1.721415952850116 1.704287577932423 1.687329633192767 1.670540422822544 1.653918267886725 1.637461506155964 1.621168491940374 1.605037595924957 1.589067205006668 1.573255722133107 1.55760156614281 1.542103171607133 1.526758988673706 1.511567482911451 1.496527135157131 1.481636441363436 1.466893912448578 1.452298074147382 1.437847466863852 1.423540645525219 1.409376179437427 1.395352652142062 1.381468661274709 1.367722818424712 1.354113748996329 1.340640092071279 1.327300500272639 1.314093639630113 1.301018189446633 1.288072842166283 1.275256303243547 1.262567291013852 1.250004536565402 1.237566783612282 1.225252788368832 1.213061319425267 1.200991157624532 1.189041095940389 1.17720993935671 1.165496504747979 1.153899620760973 1.14241812769763 1.131050877399074 1.119796733130804 1.108654569469014 1.097623272188053 1.086701738149 1.075888875189349 1.065183602013794 1.054584848086097 1.044091553522032 1.033702668983398 1.023417155573085 1.013233984731179 1.003152138132111 0.9931706075828189 0.9832883949219302 0.9735045119199434 0.9638179801804049 0.9542278310420688 0.9447331054820294 0.9353328540198185 0.9260261366224561 0.916812022610447 0.9076895905647117 0.8986579282344431 0.8897161324458822 0.8808633090119985 0.8720985726430711 0.8634210468581595 0.8548298638974534 0.8463241646354976 0.837903098495278 0.8295658233631628 0.821311505504691 0.8131393194811982 0.8050484480672719 0.7970380821690283 0.7891074207432022 0.7812556707170422 0.7734820469090024 0.7657857719502241 0.7581660762067977 0.7506221977027991 0.7431533820440914 0.7357588823428847


# name: n_iter
# type: scalar
1000


# name: t
# type: range
# base, limit, increment
0 1 0.01


# name: x
# type: function handle
@<anonymous>
@(w) (x0 * exp ((a - c ^ 2 / 2) * t + c * w))
# length: 4
# name: a
# type: scalar
-1


# name: c
# type: scalar
-1.3


# name: t
# type: range
# base, limit, increment
0 1 0.01


# name: x0
# type: scalar
2




# name: x0
# type: scalar
2


